512470.8020161851 3787201.6406257767
512470.8020161851 3787201.6406257767
512470.8007886443 3787202.5650279615
512470.8007886443 3787202.5650279615
512470.64572097437 3787203.674106625
512470.64572097437 3787203.674106625
512470.64375693223 3787205.153150127
512470.64375693223 3787205.153150127
512470.6405653623 3787207.556595824
512470.6405653623 3787207.556595824
512470.63737379055 3787209.9600415314
512470.63737379055 3787209.9600415314
512470.78802220424 3787212.1788107674
512470.78802220424 3787212.1788107674
512470.3240472679 3787214.5816446114
512470.3240472679 3787214.5816446114
512470.6280445706 3787216.9854982584
512470.6280445706 3787216.9854982584
512470.3176642695 3787219.3885360816
512470.3176642695 3787219.3885360816
512469.85319881723 3787222.1611308577
512469.85319881723 3787222.1611308577
512469.23563032044 3787224.563760842
512469.23563032044 3787224.563760842
512468.1567885038 3787227.335539989
512468.1567885038 3787227.335539989
512467.5387298866 3787230.10793099
512467.5387298866 3787230.10793099
512467.38145404874 3787232.8809337555
512467.38145404874 3787232.8809337555
512467.3777723966 3787235.654140442
512467.3777723966 3787235.654140442
512467.5271939006 3787238.797311943
512467.5271939006 3787238.797311943
512467.3696727535 3787241.755195193
512467.3696727535 3787241.755195193
512467.0583123179 3787244.8977550007
512467.0583123179 3787244.8977550007
512467.51541244396 3787247.6715734582
512467.51541244396 3787247.6715734582
512468.27896361647 3787251.0004411438
512468.27896361647 3787251.0004411438
512468.58173286775 3787254.3286971105
512468.58173286775 3787254.3286971105
512468.73164458096 3787257.102107816
512468.73164458096 3787257.102107816
512468.72796249983 3787259.8753146026
512468.72796249983 3787259.8753146026
512468.5704412911 3787262.8331979224
512468.5704412911 3787262.8331979224
512468.566022842 3787266.161046095
512468.566022842 3787266.161046095
512468.2539263788 3787269.858247341
512468.2539263788 3787269.858247341
512468.2497534951 3787273.001215091
512468.2497534951 3787273.001215091
512468.2453351444 3787276.329063314
512468.2453351444 3787276.329063314
512468.3947556329 3787279.472235019
512468.3947556329 3787279.472235019
512466.15625 3787281.25
512463.65625 3787283.5
512460.8125 3787285.75
512457.90625 3787288.0
512454.28125 3787291.0
512450.59375 3787294.75
512446.28125 3787298.75
512441.65625 3787302.75
512437.1875 3787307.0
512467.5779435574 3787316.2624275684
512467.5779435574 3787316.2624275684
512467.2658490364 3787319.959629114
512467.2658490364 3787319.959629114
512464.625 3787322.5
512467.4147781764 3787323.472561947
512467.4147781764 3787323.472561947
512468.33191567636 3787326.8016339405
512468.33191567636 3787326.8016339405
512469.24856154335 3787330.500466987
512469.24856154335 3787330.500466987
512469.5508367446 3787334.1984843286
512469.5508367446 3787334.1984843286
512469.85311169975 3787337.8965017013
512469.85311169975 3787337.8965017013
512470.30873326113 3787341.77960354
512470.30873326113 3787341.77960354
512470.4576608693 3787345.292536539
512470.4576608693 3787345.292536539
512470.4529961142 3787348.8052655933
512470.4529961142 3787348.8052655933
512469.6806159163 3787352.132094399
512469.6806159163 3787352.132094399
512468.44696889626 3787355.828072434
512468.44696889626 3787355.828072434
512467.82744566037 3787359.7097467934
512467.82744566037 3787359.7097467934
512467.51584330376 3787363.0371876014
512467.51584330376 3787363.0371876014
512467.3575876669 3787366.549712831
512467.3575876669 3787366.549712831
512467.50676139176 3787369.8777654273
512467.50676139176 3787369.8777654273
512468.26981144515 3787373.576394706
512468.26981144515 3787373.576394706
512468.4182482938 3787377.4590888065
512468.4182482938 3787377.4590888065
512468.41309329856 3787381.341578997
512468.41309329856 3787381.341578997
512468.8692042204 3787384.8549200445
512468.8692042204 3787384.8549200445
512469.0178861057 3787388.5527337315
512469.0178861057 3787388.5527337315
512469.3191774226 3787392.990273343
512469.3191774226 3787392.990273343
512469.6209594455 3787397.0580520127
512469.6209594455 3787397.0580520127
512469.6158039187 3787400.9405423184
512469.6158039187 3787400.9405423184
512469.15061087534 3787404.2677793195
512469.15061087534 3787404.2677793195
512468.8380274961 3787408.334742272
512468.8380274961 3787408.334742272
512469.2938913935 3787412.0329639786
512469.2938913935 3787412.0329639786
512469.2889814719 3787415.730573873
512469.2889814719 3787415.730573873
512468.8232982757 3787419.427571953
512468.8232982757 3787419.427571953
512468.6643065269 3787423.494738941
512468.6643065269 3787423.494738941
512468.8132332866 3787427.0076723383
512468.8132332866 3787427.0076723383
512468.1937144292 3787430.889347069
512468.1937144292 3787430.889347069
512466.3452239219 3787434.9542710735
512466.3452239219 3787434.9542710735
512466.0343607434 3787437.727070787
512466.0343607434 3787437.727070787
512464.375 3787439.0
512463.25 3787440.0
512462.125 3787441.0
512461.3125 3787441.75
512461.125 3787442.0
512460.75 3787442.25
512460.125 3787442.75
512459.53125 3787443.25
512458.90625 3787443.75
512458.0 3787444.5
512456.875 3787445.5
512455.5625 3787446.5
512454.34375 3787447.25
512452.8125 3787448.0
512467.799635637 3787496.336639108
512467.799635637 3787496.336639108
512467.48754661926 3787500.0338416095
512467.48754661926 3787500.0338416095
512463.90625 3787502.25
512466.5603626483 3787504.2848700457
512466.5603626483 3787504.2848700457
512466.4013731145 3787508.3520375746
512466.4013731145 3787508.3520375746
512465.9356954462 3787512.049036285
512465.9356954462 3787512.049036285
512465.1623482602 3787516.115388308
512465.1623482602 3787516.115388308
512464.082068252 3787519.9964521527
512464.082068252 3787519.9964521527
512464.07642399514 3787524.248704202
512464.07642399514 3787524.248704202
512464.2243690354 3787528.501160151
512464.2243690354 3787528.501160151
512467.1386384396 3787531.463122566
512467.1386384396 3787531.463122566
512466.9796490477 3787535.530290247
512466.9796490477 3787535.530290247
512466.82090524165 3787539.4125774247
512466.82090524165 3787539.4125774247
512467.276517818 3787543.2956802924
512467.276517818 3787543.2956802924
512467.7318845275 3787547.363663737
512467.7318845275 3787547.363663737
512467.880072977 3787551.4312393605
512467.880072977 3787551.4312393605
512467.7205925976 3787555.868168214
512467.7205925976 3787555.868168214
512467.56135783857 3787560.120216565
512467.56135783857 3787560.120216565
512467.7097916003 3787564.002911727
512467.7097916003 3787564.002911727
512468.16540255956 3787567.8860147833
512468.16540255956 3787567.8860147833
512468.62101313315 3787571.769117884
512468.62101313315 3787571.769117884
512468.61512122536 3787576.2062508017
512468.61512122536 3787576.2062508017
512468.6097203045 3787580.2736226693
512468.6097203045 3787580.2736226693
512469.6801746807 3787583.7877806113
512469.6801746807 3787583.7877806113
512470.7498916358 3787587.856580325
512470.7498916358 3787587.856580325
512471.81985321053 3787591.7404996436
512471.81985321053 3787591.7404996436
512472.4288036936 3787595.808687617
512472.4288036936 3787595.808687617
512473.0375080564 3787600.061756202
512473.0375080564 3787600.061756202
512473.80004552344 3787604.1301483368
512473.80004552344 3787604.1301483368
512475.02334633085 3787608.1991527025
512475.02334633085 3787608.1991527025
512476.7074098755 3787612.2687694803
512476.7074098755 3787612.2687694803
512478.6988933905 3787616.1539142556
512478.6988933905 3787616.1539142556
512480.5370331764 3787619.853974787
512480.5370331764 3787619.853974787
512482.2213379877 3787623.7387120826
512482.2213379877 3787623.7387120826
512484.36714188627 3787627.0694206515
512484.36714188627 3787627.0694206515
512486.3591107684 3787630.5848060464
512486.3591107684 3787630.5848060464
512489.0625 3787633.0
512492.15625 3787635.25
512495.09375 3787637.75
512497.625 3787639.75
512500.46875 3787641.5
512503.3125 3787643.25
512506.0 3787645.0
512508.84375 3787646.75
512512.375 3787648.75
512515.96875 3787650.5
512519.28125 3787652.0
512522.875 3787654.0
512526.65625 3787655.5
512530.06176763214 3787682.964314996
512530.06176763214 3787682.964314996
512533.2836351711 3787685.556947586
512533.2836351711 3787685.556947586
512536.75 3787687.0
512536.81267432356 3787688.1499914196
512536.81267432356 3787688.1499914196
512540.6491317649 3787690.558566278
512540.6491317649 3787690.558566278
512544.4855872412 3787692.9671427156
512544.4855872412 3787692.9671427156
512548.47587441304 3787695.191045418
512548.47587441304 3787695.191045418
512552.46690116875 3787696.8603081056
512552.46690116875 3787696.8603081056
512556.61077132664 3787699.084419611
512556.61077132664 3787699.084419611
512560.60154767655 3787700.938566351
512560.60154767655 3787700.938566351
512564.4389833878 3787702.6076287003
512564.4389833878 3787702.6076287003
512568.4302516493 3787704.092017631
512568.4302516493 3787704.092017631
512572.26768468827 3787705.761083197
512572.26768468827 3787705.761083197
512576.10536399635 3787707.24526976
512576.10536399635 3787707.24526976
512579.94452829025 3787707.6201744294
512579.94452829025 3787707.6201744294
512584.244451411 3787707.995698186
512584.244451411 3787707.995698186
512588.54486993584 3787708.001462756
512588.54486993584 3787708.001462756
512593.30530370155 3787708.5624889904
512593.30530370155 3787708.5624889904
512597.60448174307 3787709.4926606063
512597.60448174307 3787709.4926606063
512601.7508169866 3787709.8679863256
512601.7508169866 3787709.8679863256
512606.0504900366 3787710.428400654
512606.0504900366 3787710.428400654
512609.7358172661 3787710.987991896
512609.7358172661 3787710.987991896
512613.11372307566 3787711.7320525316
512613.11372307566 3787711.7320525316
512616.49113151134 3787712.845875546
512616.49113151134 3787712.845875546
512619.8685391549 3787713.959699779
512619.8685391549 3787713.959699779
512623.7074504715 3787714.519502939
512623.7074504715 3787714.519502939
512627.70044487366 3787714.7097530626
512627.70044487366 3787714.7097530626
512632.00011420675 3787715.2701792885
512632.00011420675 3787715.2701792885
512635.84375 3787715.5
512639.9375 3787716.25
512644.71875 3787717.75
512650.15625 3787719.25
512655.5 3787721.5
512660.6875 3787723.75
512665.59375 3787726.25
512670.78125 3787728.75
512675.78125 3787731.5
512680.59375 3787733.75
512685.5625 3787736.25
512690.625 3787739.25
512695.46875 3787742.5
512700.46875 3787746.0
512694.1503097318 3787753.9941110387
512694.1503097318 3787753.9941110387
512696.6029297807 3787757.5101649356
512696.6029297807 3787757.5101649356
512698.375 3787757.0
512699.3622189058 3787761.3963961406
512699.3622189058 3787761.3963961406
512701.96817040694 3787765.097539814
512701.96817040694 3787765.097539814
512704.4202843023 3787768.983357024
512704.4202843023 3787768.983357024
512707.3334023382 3787772.6849178686
512707.3334023382 3787772.6849178686
512710.5541891532 3787776.017134261
512710.5541891532 3787776.017134261
512714.08214410796 3787779.349767714
512714.08214410796 3787779.349767714
512716.9957559145 3787782.681570428
512716.9957559145 3787782.681570428
512719.44810942694 3787786.3825110914
512719.44810942694 3787786.3825110914
512721.90046100295 3787790.0834524203
512721.90046100295 3787790.0834524203
512724.19847401854 3787794.338828096
512724.19847401854 3787794.338828096
512727.11232817674 3787797.4857534394
512727.11232817674 3787797.4857534394
512729.8713422118 3787801.5568745174
512729.8713422118 3787801.5568745174
512732.6308552758 3787805.2582352194
512732.6308552758 3787805.2582352194
512735.39086769894 3787808.5898355367
512735.39086769894 3787808.5898355367
512737.8437087911 3787811.921019965
512737.8437087911 3787811.921019965
512740.2965481388 3787815.2522050547
512740.2965481388 3787815.2522050547
512742.59605208226 3787818.398301754
512742.59605208226 3787818.398301754
512745.04913900397 3787821.544607512
512745.04913900397 3787821.544607512
512747.50222427846 3787824.6909139315
512747.50222427846 3787824.6909139315
512749.95530791034 3787827.8372210097
512749.95530791034 3787827.8372210097
512752.5617231527 3787831.1686179666
512752.5617231527 3787831.1686179666
512755.01455222815 3787834.4998070253
512755.01455222815 3787834.4998070253
512757.4673795639 3787837.8309967457
512757.4673795639 3787837.8309967457
512759.4592012879 3787841.3464415944
512759.4592012879 3787841.3464415944
512761.2966835221 3787845.4163200026
512761.2966835221 3787845.4163200026
512765.53125 3787847.5
512770.4375 3787850.0
512775.8125 3787852.5
512781.125 3787855.25
512786.1875 3787857.25
512790.96875 3787860.25
512795.96875 3787864.25
512801.4375 3787868.25
512807.0 3787872.5
512812.40625 3787876.75
512817.53125 3787881.25
512823.03125 3787886.75
512829.59375 3787892.0
512836.53125 3787897.25
512803.6208588922 3787893.173231568
512803.6208588922 3787893.173231568
512806.96875 3787895.25
512806.9951534029 3787896.5056912955
512806.9951534029 3787896.5056912955
512810.3696977743 3787899.6532716206
512810.3696977743 3787899.6532716206
512813.5901520453 3787903.1704048538
512813.5901520453 3787903.1704048538
512816.65727314446 3787906.5024489225
512816.65727314446 3787906.5024489225
512819.87797514646 3787909.8347037197
512819.87797514646 3787909.8347037197
512822.94483933086 3787913.3516305294
512822.94483933086 3787913.3516305294
512825.85811824 3787916.868348559
512825.85811824 3787916.868348559
512828.77114234853 3787920.569948162
512828.77114234853 3787920.569948162
512831.684416828 3787924.08666805
512831.684416828 3787924.08666805
512834.75101918547 3787927.788479462
512834.75101918547 3787927.788479462
512837.66378359415 3787931.67496255
512837.66378359415 3787931.67496255
512840.2698859437 3787935.191265188
512840.2698859437 3787935.191265188
512842.8754805418 3787939.0773298703
512842.8754805418 3787939.0773298703
512845.78899693134 3787942.409173614
512845.78899693134 3787942.409173614
512848.7022582385 3787945.9258989347
512848.7022582385 3787945.9258989347
512851.3080994178 3787949.6270853854
512851.3080994178 3787949.6270853854
512853.607280003 3787952.9580907547
512853.607280003 3787952.9580907547
512856.060041279 3787956.289307007
512856.060041279 3787956.289307007
512858.8202185712 3787959.4360639537
512858.8202185712 3787959.4360639537
512861.1196473349 3787962.5821905695
512861.1196473349 3787962.5821905695
512863.5731633409 3787965.3587668766
512863.5731633409 3787965.3587668766
512865.71926027426 3787968.319803573
512865.71926027426 3787968.319803573
512867.8651024619 3787971.4657214386
512867.8651024619 3787971.4657214386
512869.85660088586 3787975.166071262
512869.85660088586 3787975.166071262
512871.38760532107 3787978.6809092034
512871.38760532107 3787978.6809092034
512873.07193701 3787982.380838658
512873.07193701 3787982.380838658
512875.21675934945 3787986.266280935
512875.21675934945 3787986.266280935
512877.51617601357 3787989.4124117265
512877.51617601357 3787989.4124117265
512880.42991807486 3787992.559385883
512880.42991807486 3787992.559385883
512883.1903301904 3787995.5212695524
512883.1903301904 3787995.5212695524
512885.95048681286 3787998.6680347174
512885.95048681286 3787998.6680347174
512888.55680619803 3788001.9994705454
512888.55680619803 3788001.9994705454
512891.1636314379 3788004.9611457824
512891.1636314379 3788004.9611457824
512893.77020112186 3788008.1077024303
512893.77020112186 3788008.1077024303
512896.37676906044 3788011.254259821
512896.37676906044 3788011.254259821
512898.82975386636 3788014.400606951
512898.82975386636 3788014.400606951
512901.5896456211 3788017.7322575063
512901.5896456211 3788017.7322575063
512904.8102792237 3788021.064542187
512904.8102792237 3788021.064542187
512907.8768209584 3788024.7663781913
512907.8768209584 3788024.7663781913
512911.09694141685 3788028.4684264264
512911.09694141685 3788028.4684264264
512914.31782226556 3788031.6158337644
512914.31782226556 3788031.6158337644
512917.3846111666 3788035.1327922763
512917.3846111666 3788035.1327922763
512919.5301662828 3788038.4636030323
512919.5301662828 3788038.4636030323
512921.5223933902 3788041.6093222443
512921.5223933902 3788041.6093222443
512923.6687090336 3788044.3854919462
512923.6687090336 3788044.3854919462
512925.8142597932 3788047.716304198
512925.8142597932 3788047.716304198
512928.42004217964 3788051.4175127796
512928.42004217964 3788051.4175127796
512930.71891572035 3788054.9334183694
512930.71891572035 3788054.9334183694
512933.3254582298 3788058.079986311
512933.3254582298 3788058.079986311
512936.392740828 3788061.227189844
512936.392740828 3788061.227189844
512939.4602761771 3788064.1895137127
512939.4602761771 3788064.1895137127
512942.2209034211 3788066.9665344805
512942.2209034211 3788066.9665344805
512944.9810191944 3788070.1133174524
512944.9810191944 3788070.1133174524
512947.5875526951 3788073.25988945
512947.5875526951 3788073.25988945
512949.8859036519 3788077.145561265
512949.8859036519 3788077.145561265
512952.18425269466 3788081.031233669
512952.18425269466 3788081.031233669
512954.3290196034 3788084.9166947477
512954.3290196034 3788084.9166947477
512956.9342700677 3788088.9876728966
512956.9342700677 3788088.9876728966
512960.09375 3788091.5
512963.09375 3788093.5
512965.71875 3788095.75
512968.65625 3788098.0
512972.0 3788100.5
512975.75 3788103.75
512979.8125 3788107.25
512984.65625 3788111.5
512989.6875 3788116.0
512994.1875 3788119.25
512998.53125 3788122.75
513002.65625 3788126.25
513006.6875 3788129.25
513010.9375 3788132.25
512999.24662129354 3788143.7709566224
512999.24662129354 3788143.7709566224
513002.6875 3788146.25
513002.0064392498 3788147.1026375503
513002.0064392498 3788147.1026375503
513004.4590969237 3788150.433893832
513004.4590969237 3788150.433893832
513007.06533195876 3788153.7653635526
513007.06533195876 3788153.7653635526
513009.21134037233 3788156.726434135
513009.21134037233 3788156.726434135
513011.51067019947 3788159.87259879
513011.51067019947 3788159.87259879
513014.4240579998 3788163.2044963287
513014.4240579998 3788163.2044963287
513017.7984367819 3788166.3521529357
513017.7984367819 3788166.3521529357
513021.32664857514 3788169.315143073
513021.32664857514 3788169.315143073
513024.2402864434 3788172.4621630055
513024.2402864434 3788172.4621630055
513026.8457387061 3788176.348280524
513026.8457387061 3788176.348280524
513028.83738727093 3788179.8637847826
513028.83738727093 3788179.8637847826
513030.98312620184 3788183.0097412136
513030.98312620184 3788183.0097412136
513032.97502845473 3788186.3403656706
513032.97502845473 3788186.3403656706
513035.1205078114 3788189.6712038093
513035.1205078114 3788189.6712038093
513037.88029949303 3788193.002895586
513037.88029949303 3788193.002895586
513040.7944380692 3788195.780159355
513040.7944380692 3788195.780159355
513044.4764667921 3788198.558490984
513044.4764667921 3788198.558490984
513048.3125855888 3788200.96727608
513048.3125855888 3788200.96727608
513052.1494735456 3788202.8214205736
513052.1494735456 3788202.8214205736
513056.1404525002 3788204.3060187744
513056.1404525002 3788204.3060187744
513060.28655166226 3788204.6815479603
513060.28655166226 3788204.6815479603
513064.43419419194 3788203.94779461
513064.43419419194 3788203.94779461
513068.73593040893 3788202.8444954255
513068.73593040893 3788202.8444954255
513072.73051099904 3788201.7407704922
513072.73051099904 3788201.7407704922
513076.7253500591 3788200.45216653
513076.7253500591 3788200.45216653
513080.41329109017 3788198.978255568
513080.41329109017 3788198.978255568
513083.48691971286 3788197.503489904
513083.48691971286 3788197.503489904
513087.48176207393 3788196.214890517
513087.48176207393 3788196.214890517
513091.1686752411 3788195.4805066865
513091.1686752411 3788195.4805066865
513095.1627458659 3788194.7465527444
513095.1627458659 3788194.7465527444
513098.53125 3788193.5
513102.375 3788192.5
513106.71875 3788191.25
513111.0 3788190.25
513115.59375 3788189.0
513121.1875 3788187.0
513126.8125 3788184.25
513132.15625 3788182.25
513137.59375 3788180.5
513143.3125 3788178.75
513149.5 3788176.75
513156.625 3788174.75
513163.75 3788172.0
513171.0 3788169.5
513158.4520924687 3788184.111943934
513158.4520924687 3788184.111943934
513160.96875 3788183.25
513162.1397936699 3788182.8229457815
513162.1397936699 3788182.8229457815
513165.67313941004 3788182.088375875
513165.67313941004 3788182.088375875
513170.28127697424 3788181.540196123
513170.28127697424 3788181.540196123
513174.736614775 3788180.437160931
513174.736614775 3788180.437160931
513178.73121754575 3788179.333481069
513178.73121754575 3788179.333481069
513183.03401715326 3788177.490711324
513183.03401715326 3788177.490711324
513186.7232824985 3788175.0924384757
513186.7232824985 3788175.0924384757
513190.2574123817 3788173.803235641
513190.2574123817 3788173.803235641
513194.25175999326 3788172.884443105
513194.25175999326 3788172.884443105
513199.3214200356 3788171.7822829676
513199.3214200356 3788171.7822829676
513203.6234471154 3788170.4941648263
513203.6234471154 3788170.4941648263
513208.54031106783 3788168.837151497
513208.54031106783 3788168.837151497
513212.84208057926 3788167.7339183013
513212.84208057926 3788167.7339183013
513217.9117456266 3788166.6317681945
513217.9117456266 3788166.6317681945
513223.28804891167 3788165.8998149014
513223.28804891167 3788165.8998149014
513228.356413667 3788165.7220740463
513228.356413667 3788165.7220740463
513233.4255604492 3788164.989693757
513233.4255604492 3788164.989693757
513237.7268133133 3788164.2562334025
513237.7268133133 3788164.2562334025
513241.72143048246 3788163.152580327
513241.72143048246 3788163.152580327
513244.7943138865 3788162.2325096084
513244.7943138865 3788162.2325096084
513249.0955689194 3788161.499054458
513249.0955689194 3788161.499054458
513252.93530465744 3788161.3195930244
513252.93530465744 3788161.3195930244
513256.92888061615 3788160.9554693047
513256.92888061615 3788160.9554693047
513261.53781755426 3788159.852692147
513261.53781755426 3788159.852692147
513265.8398587572 3788158.564602496
513265.8398587572 3788158.564602496
513269.8347430234 3788157.276080653
513269.8347430234 3788157.276080653
513274.443683312 3788156.1733098277
513274.443683312 3788156.1733098277
513278.28499069245 3788154.8845744235
513278.28499069245 3788154.8845744235
513282.1265607031 3788153.410959869
513282.1265607031 3788153.410959869
513286.27398198284 3788152.8621851844
513286.27398198284 3788152.8621851844
513290.4211420344 3788152.4982930506
513290.4211420344 3788152.4982930506
513294.5685642207 3788151.9495220263
513294.5685642207 3788151.9495220263
513298.2562969615 3788150.660577306
513298.2562969615 3788150.660577306
513301.7907134775 3788149.1865357105
513301.7907134775 3788149.1865357105
513306.625 3788147.25
513312.34375 3788142.25
513316.0625 3788135.75
513317.875 3788131.0
513318.90625 3788127.0
513316.5 3788122.0
513312.78125 3788117.25
513326.8495792249 3788131.288608379
513326.8495792249 3788131.288608379
513327.0091949861 3788127.036569919
513327.0091949861 3788127.036569919
513325.90625 3788123.5
513326.7075471124 3788123.1536388807
513326.7075471124 3788123.1536388807
513325.945159929 3788119.2700538803
513325.945159929 3788119.2700538803
513325.18250969856 3788115.571349678
513325.18250969856 3788115.571349678
513323.95859466825 3788112.241753084
513323.95859466825 3788112.241753084
513323.19646780536 3788108.173287663
513323.19646780536 3788108.173287663
513322.1261310136 3788104.8439092985
513322.1261310136 3788104.8439092985
513321.67011335614 3788101.515402754
513321.67011335614 3788101.515402754
513321.98225785914 3788098.003105155
513321.98225785914 3788098.003105155
513322.1405601492 3788094.675470358
513322.1405601492 3788094.675470358
513321.0686474586 3788092.455376422
513321.0686474586 3788092.455376422
513320.76620897744 3788089.127087899
513320.76620897744 3788089.127087899
513320.0027672729 3788085.9830264077
513320.0027672729 3788085.9830264077
513319.5472724934 3788082.2847586568
513319.5472724934 3788082.2847586568
513318.7846166561 3788078.5860551912
513318.7846166561 3788078.5860551912
513318.17606514716 3788074.517808272
513318.17606514716 3788074.517808272
513317.1054604234 3788071.373311364
513317.1054604234 3788071.373311364
513316.1879110411 3788068.5987938247
513316.1879110411 3788068.5987938247
513312.50486244255 3788066.5598788676
513312.50486244255 3788066.5598788676
513310.81914613995 3788063.9691537432
513310.81914613995 3788063.9691537432
513308.67321117606 3788061.008014402
513308.67321117606 3788061.008014402
513307.2954403302 3788057.8630832736
513307.2954403302 3788057.8630832736
513305.1497648609 3788054.7170640766
513305.1497648609 3788054.7170640766
513302.8502451934 3788051.755708467
513302.8502451934 3788051.755708467
513301.0112046528 3788048.9798868718
513301.0112046528 3788048.9798868718
513299.4793247787 3788046.204500763
513299.4793247787 3788046.204500763
513298.1010249181 3788043.4293324533
513298.1010249181 3788043.4293324533
513296.26198133186 3788040.6535118325
513296.26198133186 3788040.6535118325
513293.4375 3788039.25
513292.0625 3788038.5
513292.84375 3788039.0
513294.0625 3788040.5
513294.25 3788039.25
513296.59375 3788037.25
513297.90625 3788035.5
513298.78125 3788033.75
513299.625 3788032.75
513301.0 3788031.5
513302.90625 3788029.75
513304.15625 3788028.25
513304.0625 3788028.25
513303.46875 3788028.75
513305.37487458874 3788004.244853808
513305.37487458874 3788004.244853808
513309.21572414326 3788003.3258925085
513309.21572414326 3788003.3258925085
513311.0 3788002.25
513310.13983465504 3788001.478392036
513310.13983465504 3788001.478392036
513309.5262944866 3788000.9228790915
513309.5262944866 3788000.9228790915
513309.21808290744 3788001.6619663793
513309.21808290744 3788001.6619663793
513309.3737612168 3788000.183138649
513309.3737612168 3788000.183138649
513309.37454748014 3787999.628496608
513309.37454748014 3787999.628496608
513309.2220141791 3787998.88875617
513309.2220141791 3787998.88875617
513309.22306251776 3787998.1492334493
513309.22306251776 3787998.1492334493
513310.61053973925 3787994.453579401
513310.61053973925 3787994.453579401
513311.9972316294 3787991.31256761
513311.9972316294 3787991.31256761
513312.6136559442 3787989.834393247
513312.6136559442 3787989.834393247
513313.69213678164 3787987.4324688953
513313.69213678164 3787987.4324688953
513312.9244897378 3787987.246499309
513312.9244897378 3787987.246499309
513312.7698592809 3787987.9858042444
513312.7698592809 3787987.9858042444
513313.0775472612 3787987.6164784404
513313.0775472612 3787987.6164784404
513312.61627745035 3787987.985586473
513312.61627745035 3787987.985586473
513311.2324682238 3787989.0929107037
513311.2324682238 3787989.0929107037
513311.8465333447 3787989.278662393
513311.8465333447 3787989.278662393
513316.45529878367 3787988.360792876
513316.45529878367 3787988.360792876
513319.219509365 3787988.5495949606
513319.219509365 3787988.5495949606
513320.90786015923 3787989.2915144875
513320.90786015923 3787989.2915144875
513323.05669372395 3787990.218968812
513323.05669372395 3787990.218968812
513324.4370931989 3787991.5150951366
513324.4370931989 3787991.5150951366
513328.4296944096 3787991.890524409
513328.4296944096 3787991.890524409
513330.42573239526 3787992.263120362
513330.42573239526 3787992.263120362
513330.7323709028 3787992.633317848
513330.7323709028 3787992.633317848
513330.27057563956 3787993.3721863762
513330.27057563956 3787993.3721863762
513329.96262467495 3787993.9263922987
513329.96262467495 3787993.9263922987
513330.2690006472 3787994.481470452
513330.2690006472 3787994.481470452
513331.0358592221 3787995.2220835006
513331.0358592221 3787995.2220835006
513332.57088873 3787995.7789063896
513332.57088873 3787995.7789063896
513334.413869193 3787995.7815237385
513334.413869193 3787995.7815237385
513335.09375 3787997.0
513335.71875 3787998.5
513335.90625 3787999.75
513336.03125 3788000.75
513336.09375 3788001.75
513336.25 3788002.75
513336.34375 3788003.75
513336.46875 3788004.75
513336.59375 3788005.75
513336.75 3788007.0
513336.9375 3788008.25
513337.0625 3788009.5
513337.25 3788011.0
513337.3125 3788012.5
513342.7038655993 3787998.1967551345
513342.7038655993 3787998.1967551345
513342.71875 3787998.5
513342.85771001363 3787998.0120927193
513342.85771001363 3787998.0120927193
513343.0112916817 3787998.012310986
513343.0112916817 3787998.012310986
